0 0.6980809887809947 0.8181521891232582 0.07102157200827222 0.06339286660488881
0 0.7522043200986318 0.7005901776905127 0.056722714672181596 0.04258929328391083
0 0.28906742608208713 0.5948387517292805 0.039426126670908876 0.03261409255827132
0 0.0563554707590412 0.6787772752277436 0.04576703333863612 0.04064484736759475
0 0.7803833167568139 0.6370807491973919 0.04571248933799978 0.03595734736759475
0 0.1855157120862233 0.6289359879342824 0.03784544533736347 0.030997028855940557
0 0.6980809887809947 0.8181521891232582 0.07102157200827222 0.06339286660488881
0 0.7522043200986318 0.7005901776905127 0.056722714672181596 0.04258929328391083
0 0.28906742608208713 0.5948387517292805 0.039426126670908876 0.03261409255827132
0 0.0563554707590412 0.6787772752277436 0.04576703333863612 0.04064484736759475
0 0.7803833167568139 0.6370807491973919 0.04571248933799978 0.03595734736759475
0 0.1855157120862233 0.6289359879342824 0.03784544533736347 0.030997028855940557