0 0.35585592661493626 0.854889065740781 0.07350609905006031 0.06380251482874755
0 0.2943275271353346 0.7370038873758802 0.058379066033373485 0.04291701186299797
0 0.749659079035214 0.6339424847513229 0.040700243102595124 0.032841674904859806
0 0.9817722583099424 0.7192419506823844 0.03645548338011508 0.04090884288963732
0 0.26214579093014456 0.6733260479462839 0.04711401741285455 0.03622134288963732
0 0.855162128560244 0.66864508999825 0.039055855947465544 0.03121550790866543
0 0.35585592661493626 0.854889065740781 0.07350609905006031 0.06380251482874755
0 0.2943275271353346 0.7370038873758802 0.058379066033373485 0.04291701186299797
0 0.749659079035214 0.6339424847513229 0.040700243102595124 0.032841674904859806
0 0.9817722583099424 0.7192419506823844 0.03645548338011508 0.04090884288963732
0 0.26214579093014456 0.6733260479462839 0.04711401741285455 0.03622134288963732
0 0.855162128560244 0.66864508999825 0.039055855947465544 0.03121550790866543