0 0.02 0.6758565310492506 0.04 0.17933618843683083
0 0.213125 0.8551927194860813 0.12625 0.25963597430406854
0 0.56169 0.34004817987152036 0.0649975 0.1391809421841542
0 0.6656375 0.48416488222698073 0.064535 0.13523019271948608
0 0.5107524999999999 0.44961456102783726 0.056237499999999996 0.11943790149892934
0 0.79453 0.37073340471092076 0.026732500000000003 0.051482869379014994
0 0.80987 0.3184850107066381 0.024399999999999998 0.04840471092077088
0 0.8383975 0.3213704496788009 0.02763 0.05339935760171306
0 0.841715 0.37150428265524627 0.026732500000000003 0.04763918629550321
0 0.7660925 0.3192558886509636 0.02117 0.04840471092077088
0 0.7704875 0.36247323340471094 0.023145 0.046488222698072804
1 0.7065025 0.5228104925053533 0.0438625 0.07846359743040685
1 0.66167 0.38504817987152035 0.015545 0.0674678800856531
1 0.6200975 0.4841702355460385 0.015130000000000001 0.07252141327623127
1 0.6669425 0.23747858672376873 0.022207499999999998 0.08678800856531049