0 0.27676999999999996 0.6479014989293361 0.0516025 0.10044967880085652
0 0.3996175 0.7583993576017131 0.0709525 0.15318522483940042
0 0.7480725 0.9598715203426124 0.13047 0.08025160599571735
0 0.56776 0.5239079229122056 0.033717500000000004 0.06968950749464668
0 0.6005975 0.45861884368308353 0.0407525 0.08601177730192719
0 0.6672975 0.5477676659528908 0.042805 0.08601177730192719
0 0.747925 0.4771359743040685 0.0175925 0.033902569593147754
0 0.757895 0.4438543897216274 0.0167275 0.03158993576017131
0 0.7263099999999999 0.4442987152034262 0.016105 0.030701284796573875
0 0.777895 0.4456316916488223 0.0191175 0.035149892933618844
0 0.78065 0.47566916488222694 0.01735 0.030701284796573875
0 0.7314525 0.47210920770877945 0.0143375 0.0284796573875803
1 0.6344725 0.5467665952890792 0.0160825 0.04524625267665953
1 0.663175 0.48670770877944325 0.011779999999999999 0.044448608137044966
1 0.6932825 0.5719967880085653 0.02861 0.048452890792291224
1 0.4004475 0.8857226980728051 0.0203825 0.10971627408993576