0 0.7205729166666667 0.27175925925925926 0.04635416666666667 0.07314814814814814
0 0.8229166666666666 0.2657407407407407 0.04895833333333333 0.07592592592592592
0 0.34739583333333335 0.3282407407407407 0.11875 0.2064814814814815
0 0.62109375 0.2763888888888889 0.043229166666666666 0.0712962962962963
0 0.25052083333333336 0.5175925925925926 0.10416666666666667 0.17407407407407408
0 0.62265625 0.4787037037037037 0.027604166666666666 0.03888888888888889
1 0.50078125 0.42453703703703705 0.0734375 0.12685185185185185
1 0.23671875 0.7087962962962963 0.09010416666666667 0.07685185185185185
1 0.38958333333333334 0.6138888888888889 0.05520833333333333 0.12222222222222222
1 0.49322916666666666 0.7236111111111111 0.08020833333333334 0.07314814814814814
1 0.384375 0.13240740740740742 0.04479166666666667 0.17592592592592593
1 0.5895833333333333 0.41388888888888886 0.0625 0.06111111111111111
1 0.5546875 0.600925925925926 0.071875 0.10925925925925926
1 0.6080729166666666 0.6449074074074074 0.0421875 0.125
1 0.42734375 0.2638888888888889 0.027604166666666666 0.1037037037037037
1 0.2796875 0.18287037037037038 0.026041666666666668 0.09166666666666666