0 0.28020833333333334 0.34120370370370373 0.10833333333333334 0.18611111111111112
0 0.74296875 0.262037037037037 0.0484375 0.07962962962962963
0 0.8591145833333333 0.24861111111111112 0.05572916666666667 0.0824074074074074
0 0.24802604166666667 0.5120370370370371 0.09188541666666666 0.15
0 0.9770833333333333 0.23055555555555557 0.04375 0.09259259259259259
0 0.7182291666666667 0.48009259259259257 0.028125 0.04351851851851852
0 0.80546875 0.48009259259259257 0.021354166666666667 0.03796296296296296
0 0.7067708333333333 0.4375 0.026041666666666668 0.049074074074074076
0 0.7606770833333333 0.4388888888888889 0.022395833333333334 0.05
1 0.3078125 0.5986111111111111 0.071875 0.11203703703703703
1 0.41458333333333336 0.425 0.053125 0.12222222222222222
1 0.20130208333333333 0.6759259259259259 0.06510416666666667 0.07407407407407407
1 0.48984375 0.5972222222222222 0.0578125 0.10740740740740741
1 0.5567708333333333 0.41435185185185186 0.06979166666666667 0.06574074074074074
1 0.3963541666666667 0.7087962962962963 0.0875 0.06018518518518518
1 0.4510416666666667 0.2726851851851852 0.03125 0.09907407407407408
1 0.2989583333333333 0.1625 0.057291666666666664 0.16018518518518518
1 0.55625 0.6444444444444445 0.04479166666666667 0.12407407407407407
1 0.49713541666666666 0.4398148148148148 0.03697916666666667 0.08333333333333333