0 0.30234375 0.337037037037037 0.1140625 0.19444444444444445
0 0.9174479166666667 0.24861111111111112 0.05677083333333333 0.08425925925925926
0 0.8010416666666667 0.2601851851851852 0.051041666666666666 0.07962962962962963
0 0.6919270833333333 0.27037037037037037 0.044270833333333336 0.07592592592592592
0 0.24296875 0.512962962962963 0.09322916666666667 0.1574074074074074
0 0.40130208333333334 0.30092592592592593 0.03802083333333333 0.06666666666666667
0 0.690625 0.44074074074074077 0.027083333333333334 0.04814814814814815
0 0.6484375 0.4810185185185185 0.028125 0.04722222222222222
0 0.7270833333333333 0.48148148148148145 0.028125 0.04259259259259259
0 0.6411458333333333 0.4393518518518518 0.022916666666666665 0.049074074074074076
1 0.33567708333333335 0.6060185185185185 0.0671875 0.11574074074074074
1 0.446875 0.42592592592592593 0.0625 0.1259259259259259
1 0.56875 0.4166666666666667 0.07083333333333333 0.06666666666666667
1 0.4322916666666667 0.7171296296296297 0.0875 0.06574074074074074
1 0.20885416666666667 0.6884259259259259 0.075 0.075
1 0.3260416666666667 0.14907407407407408 0.04895833333333333 0.16666666666666666
1 0.578125 0.6467592592592593 0.04375 0.12685185185185185
1 0.5151041666666667 0.5995370370370371 0.06458333333333334 0.10833333333333334
1 0.44453125 0.27314814814814814 0.025520833333333333 0.1
1 0.2989583333333333 0.20092592592592592 0.025 0.08333333333333333
1 0.5473958333333333 0.6546296296296297 0.03125 0.053703703703703705