0 0.3862552083333333 0.511 0.03974479166666667 0.06762037037037037
0 0.5333697916666666 0.47537037037037033 0.035296875 0.060648148148148145
0 0.81984375 0.4804629629629629 0.05994270833333334 0.09456481481481481
0 0.790203125 0.6149722222222221 0.06309895833333333 0.10346296296296296
1 0.6061145833333333 0.010083333333333333 0.04115104166666667 0.020166666666666666
1 0.6851458333333333 0.010314814814814815 0.03257291666666667 0.020638888888888887
1 0.532484375 0.5257499999999999 0.011270833333333334 0.04665740740740741
1 0.8488645833333333 0.007944444444444445 0.23527604166666669 0.015444444444444445
1 0.4096614583333333 0.0076851851851851855 0.122921875 0.015370370370370371
1 0.5400572916666667 0.008824074074074073 0.040276041666666665 0.017648148148148145
0 0.63271875 0.561037037037037 0.046593749999999996 0.08786111111111111
0 0.6956927083333333 0.5231296296296296 0.05958854166666667 0.1004074074074074
0 0.750765625 0.5281574074074074 0.04772395833333333 0.0843425925925926
0 0.6732447916666667 0.44581481481481483 0.04801041666666667 0.08635185185185186