0 0.28958333333333336 0.33935185185185185 0.11145833333333334 0.18981481481481483
0 0.9598958333333333 0.23842592592592593 0.06041666666666667 0.08796296296296297
0 0.7234375 0.2662037037037037 0.04583333333333333 0.07685185185185185
0 0.24348958333333334 0.5106481481481482 0.0859375 0.14907407407407408
0 0.8364583333333333 0.25324074074074077 0.05416666666666667 0.08055555555555556
0 0.690625 0.4810185185185185 0.028125 0.04537037037037037
0 0.6799479166666667 0.4398148148148148 0.025520833333333333 0.05
0 0.7328125 0.4388888888888889 0.020833333333333332 0.04814814814814815
0 0.7770833333333333 0.48055555555555557 0.017708333333333333 0.03888888888888889
0 0.42604166666666665 0.29907407407407405 0.021875 0.06111111111111111
1 0.20416666666666666 0.6814814814814815 0.06875 0.07407407407407407
1 0.5013020833333334 0.5990740740740741 0.0609375 0.10740740740740741
1 0.41171875 0.7129629629629629 0.08802083333333334 0.06296296296296296
1 0.5630208333333333 0.4152777777777778 0.07083333333333333 0.06574074074074074
1 0.44557291666666665 0.27314814814814814 0.0359375 0.1037037037037037
1 0.30885416666666665 0.16111111111111112 0.051041666666666666 0.17037037037037037
1 0.5669270833333333 0.6458333333333334 0.043229166666666666 0.12685185185185185
1 0.42864583333333334 0.42592592592592593 0.05625 0.12407407407407407
1 0.31953125 0.6027777777777777 0.0703125 0.11666666666666667