0 0.7934895833333333 0.2712962962962963 0.04739583333333333 0.07407407407407407
0 0.2484375 0.5180555555555556 0.09270833333333334 0.17685185185185184
0 0.36484375 0.32685185185185184 0.11927083333333334 0.20925925925925926
0 0.69453125 0.274537037037037 0.0453125 0.07314814814814814
0 0.59765625 0.27824074074074073 0.0421875 0.06944444444444445
0 0.590625 0.4828703703703704 0.026041666666666668 0.04722222222222222
0 0.19661458333333334 0.575462962962963 0.033854166666666664 0.05648148148148148
1 0.4088541666666667 0.6143518518518518 0.05 0.12314814814814815
1 0.5122395833333333 0.7240740740740741 0.0765625 0.07407407407407407
1 0.5174479166666667 0.42407407407407405 0.0765625 0.1259259259259259
1 0.24947916666666667 0.7134259259259259 0.09375 0.07685185185185185
1 0.59375 0.4148148148148148 0.06145833333333333 0.06111111111111111
1 0.615625 0.6439814814814815 0.041666666666666664 0.12685185185185185
1 0.5653645833333333 0.600462962962963 0.0734375 0.11018518518518519
1 0.4046875 0.1300925925925926 0.041666666666666664 0.17685185185185184
1 0.27447916666666666 0.1787037037037037 0.030208333333333334 0.09259259259259259