0 0.26979166666666665 0.34444444444444444 0.10729166666666666 0.18333333333333332
0 0.7651041666666667 0.25833333333333336 0.05 0.08333333333333333
0 0.8848958333333333 0.24212962962962964 0.058333333333333334 0.08611111111111111
0 0.2484375 0.5125 0.08958333333333333 0.14907407407407408
0 0.8401041666666667 0.48055555555555557 0.025 0.040740740740740744
0 0.7502604166666667 0.4791666666666667 0.028645833333333332 0.04537037037037037
0 0.7377604166666667 0.43796296296296294 0.027604166666666666 0.05
0 0.9919270833333333 0.2273148148148148 0.0140625 0.08055555555555556
1 0.2942708333333333 0.5967592592592592 0.07395833333333333 0.11203703703703703
1 0.39791666666666664 0.425462962962963 0.046875 0.12129629629629629
1 0.47552083333333334 0.5967592592592592 0.05416666666666667 0.10462962962962963
1 0.19713541666666667 0.6699074074074074 0.0609375 0.0712962962962963
1 0.5434895833333333 0.6435185185185185 0.043229166666666666 0.12407407407407407
1 0.5481093749999999 0.425462962962963 0.068671875 0.08981481481481482
1 0.37838541666666664 0.7050925925925926 0.08697916666666666 0.05648148148148148
1 0.28280208333333334 0.1701851851851852 0.050421875 0.15069444444444444
1 0.3206197916666667 0.21598148148148147 0.02813541666666667 0.07989814814814815
1 0.455078125 0.2760648148148148 0.02959375 0.0974351851851852