0 0.26979166666666665 0.3439814814814815 0.10833333333333334 0.18425925925925926
1 0.29453125 0.5967592592592592 0.07447916666666667 0.11388888888888889
1 0.19739583333333333 0.6694444444444444 0.06145833333333333 0.07407407407407407
1 0.2826666666666667 0.1698611111111111 0.05240104166666667 0.15084259259259258
1 0.32052604166666665 0.21686111111111112 0.028125 0.08247222222222221
1 0.398765625 0.42625 0.04807291666666667 0.11922222222222222
1 0.3794166666666667 0.7072037037037037 0.085328125 0.055546296296296295
1 0.47628125000000004 0.5988796296296296 0.0545625 0.10469444444444444
1 0.5444218749999999 0.6450277777777778 0.043744791666666664 0.11922222222222222
1 0.5482708333333334 0.4157777777777778 0.068265625 0.06580555555555555
1 0.4550104166666667 0.27625925925925926 0.03172916666666667 0.09956481481481481
0 0.24901562500000002 0.5168333333333333 0.08845312500000001 0.1534074074074074
0 0.7395156249999999 0.43926851851851856 0.029291666666666667 0.05018518518518519
0 0.751203125 0.48324999999999996 0.027776041666666664 0.04587037037037037
0 0.8362760416666667 0.4847314814814815 0.031875 0.04883333333333333